2.284985e+02
7.743771e+02
3.503186e+02
4.650964e+02
4.696032e+02
6.478199e+02
1.342743e+02
7.286132e+02
1.594015e+02
1.853175e+02
7.287784e+02
6.264160e+02
1.502439e+02
1.351545e+02
1.229314e+02
1.850456e+02
6.346644e+02
5.714786e+02
7.218360e+02
3.817157e+02
6.593240e+02
2.892526e+02
5.307779e+02
2.728876e+02
8.229420e+02
5.429814e+02
6.656984e+02
8.773365e+02
4.526353e+02
6.915802e+02
1.124949e+02
4.158542e+02
7.052724e+02
2.198905e+02
2.508183e+02
3.107859e+02
2.105773e+02
4.937306e+02
5.788125e+02
9.780122e+02
7.553510e+02
1.409887e+02
1.746251e+02
1.346921e+02
4.844846e+02
5.876775e+02
1.371062e+02
7.019417e+02
6.977311e+02
7.950791e+02
4.842252e+02
6.743518e+02
1.420238e+02
7.083077e+02
4.085840e+02
8.134000e+02
3.469044e+02
3.731917e+02
6.564982e+02
3.225036e+02
2.121692e+02
6.596112e+02
1.211141e+02
1.074367e+02
6.570947e+02
8.797767e+02
8.880619e+02
3.778475e+02
5.932800e+02
4.763371e+02
4.643090e+02
5.750578e+02
4.822647e+02
6.437258e+02
5.243990e+02
7.608295e+02
2.947193e+02
8.672267e+02
4.096413e+02
2.366014e+02
5.124845e+02
3.531127e+02
1.531158e+02
1.381073e+02
3.202215e+02
1.578865e+02
5.931671e+02
1.248322e+02
6.108260e+02
1.623903e+02
1.785085e+02
3.612594e+02
3.450979e+02
1.749216e+02
5.205082e+02
6.198441e+02
3.067627e+02
5.270663e+02
6.411064e+02
2.355897e+02