5.195016e-01 2.949938e+01
-1.067671e-01 1.030573e+02
-1.926613e-01 4.606053e+01
-6.244910e-02 6.107295e+01
6.378968e-02 6.154492e+01
-6.277665e-01 8.562987e+01
-2.881677e-02 1.753544e+01
-1.816368e+00 9.552001e+01
4.982226e-01 2.120312e+01
8.344969e-01 2.470669e+01
-3.252262e-02 9.587490e+01
4.468528e+00 8.248574e+01
2.188139e-02 1.960620e+01
7.440637e-02 1.768146e+01
-4.450768e-03 1.609492e+01
2.818537e-01 2.399220e+01
6.373679e-02 8.329226e+01
-3.941417e-01 7.477248e+01
-8.248753e-01 9.455291e+01
-6.663438e-01 5.047036e+01
-2.372346e-01 8.660071e+01
8.365800e-02 3.768486e+01
2.797928e-01 6.980932e+01
-8.414617e-02 3.501723e+01
-5.594733e-01 1.087928e+02
3.378005e-01 7.111719e+01
-1.206015e-01 8.766534e+01
-4.817512e-01 1.156208e+02
-1.885008e-01 5.929672e+01
-5.959809e-01 9.006645e+01
1.373913e-02 1.476451e+01
-4.852927e-02 5.447141e+01
1.995701e-01 9.342711e+01
-4.071420e-02 2.898087e+01
-1.242466e-01 3.308408e+01
2.302258e-01 4.043370e+01
1.758472e+00 2.784944e+01
-1.205816e-01 6.504160e+01
2.719681e-02 7.577755e+01
3.907587e-02 1.288992e+02
-7.826143e-01 9.976488e+01
8.192954e-02 1.839165e+01
2.947284e-01 2.265416e+01
4.916539e-03 1.762176e+01
3.216209e+00 6.374267e+01
-6.468431e-01 7.747375e+01
1.837534e-02 1.789773e+01
3.531716e-01 9.204279e+01
-3.344218e-01 9.239542e+01
-9.472813e-02 1.047524e+02
-1.110187e-02 6.340937e+01
-2.270433e-01 8.850979e+01
2.293635e-02 1.851560e+01
-2.856529e-01 9.281244e+01
2.377472e-01 5.390900e+01
2.744047e-01 1.076564e+02
1.608217e-01 4.473666e+01
-1.038449e-01 4.854463e+01
-2.758315e-01 8.614338e+01
1.326678e-01 4.211426e+01
3.754317e-01 2.773202e+01
-1.954426e-01 8.701077e+01
4.073071e-02 1.591392e+01
3.483952e-03 1.410380e+01
1.414738e-02 8.609768e+01
-1.918130e-01 1.164377e+02
-5.736585e-02 1.171798e+02
-3.053904e-02 4.922625e+01
-1.100325e+00 7.853594e+01
-1.921978e-01 6.248336e+01
2.829346e+00 6.066177e+01
-5.834082e-01 7.576945e+01
-7.605224e-02 6.372376e+01
4.958076e-02 8.446834e+01
4.829087e-01 6.876769e+01
-3.089471e-01 9.980499e+01
-3.166621e-01 3.853693e+01
-1.426974e-01 1.145076e+02
-1.657616e-01 5.365707e+01
1.549814e+00 3.094038e+01
-2.860299e-01 6.704361e+01
-8.306363e-02 4.684158e+01
5.356657e-01 2.030470e+01
-2.433369e-03 1.800701e+01
8.531014e-01 4.124589e+01
4.031948e-02 2.053606e+01
9.297677e-01 7.803548e+01
-2.322510e-02 1.633328e+01
5.447007e+00 8.109113e+01
1.477167e-01 2.108779e+01
1.419759e-01 2.321600e+01
2.168855e-01 4.712474e+01
-2.322368e-01 4.542098e+01
1.634082e-01 2.268695e+01
-3.069408e-01 6.827279e+01
-2.297485e-01 8.196714e+01
6.055853e-02 4.038708e+01
1.000423e-01 6.889919e+01
-5.828185e-01 8.398620e+01
-7.164367e-03 3.043425e+01